,average_trials_per_success,covariance_decay,percentage_successful,rollouts,std_dev_trials_per_success
0,3059.3333333333335,0.997,3.0,100,400.2984997334975
1,2891.714285714286,0.9971111111111111,7.0,100,415.08715583450123
2,3101.3076923076924,0.9972222222222222,13.0,100,555.0173087550978
3,3121.4222222222224,0.9973333333333333,45.0,100,420.4992529462984
4,3074.485294117647,0.9974444444444445,68.0,100,387.3944445472727
5,3076.132530120482,0.9975555555555555,83.0,100,285.53242472317794
6,3069.360824742268,0.9976666666666667,97.0,100,166.6591178366269
7,3138.13,0.9977777777777778,100.0,100,95.10169872299863
8,3246.65,0.9978888888888889,100.0,100,68.80412414964673
9,3410.59,0.998,100.0,100,76.92153079600016
