,average_trials_per_success,covariance_decay,percentage_successful,rollouts,std_dev_trials_per_success
0,0.0,0.99825,0.0,100,
1,0.0,0.9983333333333333,0.0,100,
2,0.0,0.9984166666666666,0.0,100,
3,0.0,0.9984999999999999,0.0,100,
4,6098.0,0.9985833333333333,1.0,100,0.0
5,6682.411764705882,0.9986666666666667,17.0,100,984.3222247894909
6,6772.9473684210525,0.99875,76.0,100,539.2448153799231
7,6771.64,0.9988333333333334,100.0,100,249.1410652622325
8,7033.4,0.9989166666666667,100.0,100,113.23992228891719
9,7521.15,0.999,100.0,100,97.44920471712429
